msoa_code11,loneliness_zscore,rank,deciles
S02001236,-0.7384538350767299,562.0,4
S02001237,-1.1545147850209774,401.0,3
S02001238,1.001964100300533,1060.0,8
S02001239,-0.596097841030701,617.0,4
S02001240,1.4793361720457958,1125.0,8
S02001241,0.45147180807192794,948.0,7
S02001242,0.5242925922704209,964.0,7
S02001243,0.7667718880131709,1017.0,7
S02001244,1.4977831103693022,1128.0,8
S02001245,1.529767958299643,1134.0,8
S02001246,3.062234805766389,1248.0,9
S02001247,1.0415682129041355,1065.0,8
S02001248,1.3969982498216609,1118.0,8
S02001249,3.7453877571766685,1260.0,9
S02001250,4.816902329207536,1273.0,9
S02001251,2.381366522031411,1220.0,9
S02001252,1.5422660164871589,1136.0,8
S02001253,-0.39654246450859515,711.0,5
S02001254,0.7912880951054635,1020.0,7
S02001255,1.376672102909013,1116.0,8
S02001256,1.7812471806472412,1159.0,9
S02001257,1.7466756999766213,1156.0,9
S02001258,2.780716792152511,1234.0,9
S02001259,6.135963355372832,1277.0,9
S02001260,6.1729957746654955,1278.0,9
S02001261,5.510700787644483,1275.0,9
S02001262,2.1173946714187983,1191.0,9
S02001263,2.21328693988949,1199.0,9
S02001264,2.080341436599723,1187.0,9
S02001265,1.3300801178907309,1111.0,8
S02001266,1.2036758429063341,1090.0,8
S02001267,0.7968583058679825,1022.0,7
S02001268,1.2703775590663495,1103.0,8
S02001269,1.6271851160841624,1146.0,8
S02001270,1.787464397305495,1161.0,9
S02001271,0.6977657063557943,1004.0,7
S02001272,1.328829785757641,1110.0,8
S02001273,0.406030522471521,938.0,7
S02001274,0.3447397552736766,922.0,7
S02001275,-0.9762997244792754,474.0,3
S02001276,-1.054990604631925,445.0,3
S02001277,-0.26235744770355757,758.0,5
S02001278,0.3020844060366515,912.0,7
S02001279,0.7964096930182472,1021.0,7
S02001280,0.9117158377422508,1044.0,8
S02001281,1.3484031495793842,1113.0,8
S02001282,1.511115154618667,1130.0,8
S02001283,1.804580789679452,1166.0,9
S02001284,1.771173355881759,1158.0,9
S02001285,0.345499761582626,923.0,7
S02001286,-0.5172772833263495,661.0,5
S02001287,0.07964456155366216,854.0,6
S02001288,0.17273361719837158,876.0,6
S02001289,1.0689100042426927,1072.0,8
S02001290,0.05619088738635173,841.0,6
S02001291,0.400240684193856,937.0,7
S02001292,0.412415616200545,940.0,7
S02001293,-0.6045351897326545,612.0,4
S02001294,-1.5304249002014785,275.0,2
S02001295,-0.21936339067198948,773.0,6
S02001296,-0.7291570418956359,564.0,4
S02001297,-0.7459330744289995,560.0,4
S02001298,-0.7620085713320196,553.0,4
S02001299,-0.1616215040898603,785.0,6
S02001300,-0.5839322649511182,622.0,4
S02001301,-1.1462688676248407,405.0,3
S02001302,-2.564304552612404,65.0,0
S02001303,-1.2199589520193272,377.0,2
S02001304,-1.332592652376235,337.0,2
S02001305,-0.8133677010760747,536.0,4
S02001306,-0.6537568083259441,593.0,4
S02001307,-0.518685516016262,659.0,5
S02001308,-0.3593158281264348,728.0,5
S02001309,0.2643011729811046,905.0,7
S02001310,0.20399606627847644,891.0,6
S02001311,0.5779905905390554,974.0,7
S02001312,1.55785283479241,1141.0,8
S02001313,1.9782823661496773,1179.0,9
S02001314,1.985833927895267,1180.0,9
S02001315,2.119444047264919,1192.0,9
S02001316,1.9193894813307808,1174.0,9
S02001317,0.8264834170176778,1028.0,8
S02001318,0.614626394764108,986.0,7
S02001319,0.15315304986603226,870.0,6
S02001320,-0.5453047420424372,642.0,5
S02001321,-1.7957459015589223,213.0,1
S02001322,-0.7515836674735638,558.0,4
S02001323,-1.9462578672135626,175.0,1
S02001324,0.8403794528762978,1031.0,8
S02001325,0.2841157674395333,907.0,7
S02001326,0.49696062231928906,955.0,7
S02001327,0.5173439000701014,962.0,7
S02001328,0.5092209904119804,960.0,7
S02001329,1.5917558695392426,1143.0,8
S02001330,2.509548332690307,1227.0,9
S02001331,3.687947918575624,1258.0,9
S02001332,2.3392046847788137,1216.0,9
S02001333,2.075240570488328,1186.0,9
S02001334,0.3728338109059626,932.0,7
S02001335,0.17188616064264545,874.0,6
S02001336,0.2564270603032168,901.0,7
S02001337,0.31196575678832583,913.0,7
S02001338,3.8846322609620043,1264.0,9
S02001339,0.7182171400347919,1010.0,7
S02001340,-2.151444414747431,128.0,0
S02001341,-2.2788802445195953,108.0,0
S02001342,-2.2538664440945455,113.0,0
S02001343,-2.1968371785225442,125.0,0
S02001344,-0.9672573886369151,475.0,3
S02001345,-0.5175320917312576,660.0,5
S02001346,-0.5023683787586375,671.0,5
S02001347,-0.7245087720538593,566.0,4
S02001348,-0.9421840892210622,482.0,3
S02001349,-0.7875320273766044,544.0,4
S02001350,0.03356786258467468,835.0,6
S02001351,-0.8573722203756452,517.0,4
S02001352,-0.8490160466673635,520.0,4
S02001353,-0.8130828425864657,537.0,4
S02001354,-1.0958411221982851,428.0,3
S02001355,-1.145133788153229,406.0,3
S02001356,0.6431069334198672,993.0,7
S02001357,0.36270976989430426,930.0,7
S02001358,0.39202750590502394,935.0,7
S02001359,0.7566711858677265,1015.0,7
S02001360,2.0395216480640714,1183.0,9
S02001361,2.2774784617437955,1206.0,9
S02001362,2.254250027223003,1202.0,9
S02001363,0.3584226697677387,928.0,7
S02001364,0.3396860771730141,920.0,7
S02001365,0.2492175467790673,897.0,7
S02001366,0.16641891784237067,873.0,6
S02001367,0.04283656355869624,837.0,6
S02001368,0.8295984445515164,1029.0,8
S02001369,0.4616361236173723,951.0,7
S02001370,4.570290305290486,1270.0,9
S02001371,-0.14472457087183754,792.0,6
S02001372,-1.782810274333018,216.0,1
S02001373,3.8558472357922398,1263.0,9
S02001374,3.236846779169142,1251.0,9
S02001375,2.294853552571582,1212.0,9
S02001376,0.4138272011325584,941.0,7
S02001377,-0.3821909157329393,718.0,5
S02001378,1.9489094335064816,1177.0,9
S02001379,0.07235604973885516,851.0,6
S02001380,1.442845512618486,1120.0,8
S02001381,1.041763835877801,1066.0,8
S02001382,7.441734677592516e-05,827.0,6
S02001383,2.4844932553108716,1226.0,9
S02001384,2.356923662783566,1218.0,9
S02001385,1.2126929855328397,1093.0,8
S02001386,-0.3469536339487454,735.0,5
S02001387,1.796957359151246,1164.0,9
S02001388,-0.35681023911614657,731.0,5
S02001389,-1.32521936401178,339.0,2
S02001390,-1.4707817729762873,293.0,2
S02001391,-1.2324738934084083,371.0,2
S02001392,0.11335254831228694,865.0,6
S02001393,-0.3399327911311746,738.0,5
S02001394,-0.29799199659053144,752.0,5
S02001395,-0.3944756078887107,713.0,5
S02001396,-0.04223392144086006,820.0,6
S02001397,-0.803534470386114,539.0,4
S02001398,-0.2685264380849366,757.0,5
S02001399,-1.5494661438537278,269.0,2
S02001400,-1.0528353475609906,448.0,3
S02001401,-1.4368698224206298,304.0,2
S02001402,-1.6614509411506861,246.0,1
S02001403,-1.7312830288630663,231.0,1
S02001404,-0.8887717309181091,497.0,3
S02001405,-0.040832656762574,821.0,6
S02001406,-0.08742242633363824,812.0,6
S02001407,-0.0753106902596782,815.0,6
S02001408,0.8606568457522246,1033.0,8
S02001409,2.377404905968305,1219.0,9
S02001410,1.572301862608181,1142.0,8
S02001411,1.6219973718129086,1145.0,8
S02001412,0.7149189012807118,1008.0,7
S02001413,-0.14574312835109665,791.0,6
S02001414,-0.44006703404958125,689.0,5
S02001415,-0.6429750927621181,596.0,4
S02001416,-2.214195182488069,122.0,0
S02001417,-1.3638617869605492,326.0,2
S02001418,-0.8839475180465699,500.0,3
S02001419,-0.407994216705444,706.0,5
S02001420,-1.0643920618128335,441.0,3
S02001421,-1.08677060428773,432.0,3
S02001422,-1.2219409306782358,375.0,2
S02001423,-1.790308497447546,214.0,1
S02001424,-2.1502055798837603,129.0,1
S02001425,-3.5654287854790265,17.0,0
S02001426,-1.2646794857281332,362.0,2
S02001427,-1.6590123319260905,247.0,1
S02001428,-2.187488638061259,126.0,0
S02001429,-2.0522613576819175,152.0,1
S02001430,-3.123059362856075,36.0,0
S02001431,-2.507009262776281,76.0,0
S02001432,0.8668467761369065,1035.0,8
S02001433,-0.003040698722074384,825.0,6
S02001434,-1.5921898774537506,263.0,2
S02001435,-1.909199361413299,183.0,1
S02001436,-0.978407964480812,473.0,3
S02001437,-0.26144959120700123,759.0,5
S02001438,1.545258953176542,1137.0,8
S02001439,0.36180435095649127,929.0,7
S02001440,-1.3867449880333786,320.0,2
S02001441,-2.7775822718398437,50.0,0
S02001442,-1.487194847735703,288.0,2
S02001443,-0.3859750255534416,717.0,5
S02001444,3.956356406873531,1266.0,9
S02001445,0.05381601956935261,840.0,6
S02001446,0.42464020695453225,943.0,7
S02001447,0.38986864649625974,934.0,7
S02001448,-0.45004431907397946,684.0,5
S02001449,-0.8775212535698157,503.0,3
S02001450,-0.7972066632511983,540.0,4
S02001451,-0.703492442025307,575.0,4
S02001452,-1.0365704314555386,452.0,3
S02001453,-0.6590296159550428,592.0,4
S02001454,-0.5421783874694768,645.0,5
S02001455,-0.40255774049983745,707.0,5
S02001456,0.8743709203844467,1039.0,8
S02001457,0.645629630305991,994.0,7
S02001458,0.8741555228749261,1038.0,8
S02001459,0.6579673754175751,997.0,7
S02001460,0.19113100719556564,886.0,6
S02001461,-0.07635160847098421,814.0,6
S02001462,-0.5209130127922523,656.0,5
S02001463,-0.5792816813732122,627.0,4
S02001464,-0.5555435920837326,640.0,4
S02001465,-0.7621397876858064,552.0,4
S02001466,-1.2034949341020222,384.0,2
S02001467,-1.3822684859140606,322.0,2
S02001468,-0.6693323027001701,586.0,4
S02001469,-0.5105040666149239,665.0,5
S02001470,-0.7554594765397216,555.0,4
S02001471,-0.5621711923820457,634.0,4
S02001472,-0.6863345440093576,582.0,4
S02001473,-1.0099074479082424,461.0,3
S02001474,-0.9972982240151189,467.0,3
S02001475,-0.724482047505673,567.0,4
S02001476,-1.6168567100768965,256.0,1
S02001477,-2.9095208113187465,40.0,0
S02001478,-2.231928770585242,117.0,0
S02001479,-2.853350662201031,45.0,0
S02001480,-1.6214325657363418,255.0,1
S02001481,-1.7428507538020026,226.0,1
S02001482,-3.567353000955824,16.0,0
S02001483,-1.2928531982834135,352.0,2
S02001484,-1.0532190343795969,447.0,3
S02001485,-2.268857122737489,109.0,0
S02001486,-0.877350780583068,504.0,3
S02001487,-1.8910518559934482,187.0,1
S02001488,-1.8583922588572481,199.0,1
S02001489,-1.9361593258629617,178.0,1
S02001490,-1.1329451400894566,411.0,3
S02001491,-0.2112019742768912,776.0,6
S02001492,0.6017131494806738,980.0,7
S02001493,1.0728648275976864,1075.0,8
S02001494,1.1315195714998012,1082.0,8
S02001495,1.258915606371426,1102.0,8
S02001496,1.3122765122034388,1107.0,8
S02001497,1.2092176616585415,1092.0,8
S02001498,0.9972060980978344,1059.0,8
S02001499,0.8330995809433587,1030.0,8
S02001500,0.8697918216483779,1037.0,8
S02001501,0.9694419970509677,1054.0,8
S02001502,1.0527846014918243,1071.0,8
S02001503,1.1244317067327065,1080.0,8
S02001504,0.5409009433543077,966.0,7
S02001505,0.45302414818091147,949.0,7
S02001506,-1.0781874044291522,436.0,3
S02001507,-1.2791461304805707,355.0,2
S02001508,-1.4467340175279144,301.0,2
S02001509,-1.1471207444324052,404.0,3
S02001510,-0.26128819932360214,761.0,5
S02001511,0.05904221246601599,844.0,6
S02001512,-0.6591603984500718,591.0,4
S02001513,-0.3237837453159757,743.0,5
S02001514,-1.257849041043603,363.0,2
S02001515,-1.507162549375257,280.0,2
S02001516,0.29152517104245645,909.0,7
S02001517,-0.5035966401105276,669.0,5
S02001518,-1.4877008094208266,286.0,2
S02001519,-1.0186276216064865,460.0,3
S02001520,-0.8470874635340542,522.0,4
S02001521,-2.288551854317341,107.0,0
S02001522,-2.4100229520961287,85.0,0
S02001523,-1.8533353502465828,202.0,1
S02001524,-1.7151228936816343,232.0,1
S02001525,-1.7003316183758752,237.0,1
S02001526,-1.3976283597429189,316.0,2
S02001527,-1.6622668240894545,244.0,1
S02001528,-1.4212452127463333,308.0,2
S02001529,-1.2414317484235051,368.0,2
S02001530,-1.1168237233837675,417.0,3
S02001531,-1.5207666909294981,277.0,2
S02001532,-1.4752149146718947,289.0,2
S02001533,-1.366566260615,325.0,2
S02001534,0.6020326607444747,981.0,7
S02001535,1.3823431915655975,1117.0,8
S02001536,1.2564931797338865,1101.0,8
S02001537,1.523340657380225,1132.0,8
S02001538,1.254800796723532,1099.0,8
S02001539,0.6423968364359727,992.0,7
S02001540,-2.1091236826249196,135.0,1
S02001541,-1.6521952716624226,248.0,1
S02001542,1.598251555419528,1144.0,8
S02001543,0.3129376163315299,914.0,7
S02001544,0.4985499895850922,956.0,7
S02001545,0.4111360940141612,939.0,7
S02001546,1.1187228489516303,1079.0,8
S02001547,1.0424497914260293,1067.0,8
S02001548,0.5932338535023333,979.0,7
S02001549,0.5750589946540905,973.0,7
S02001550,1.5524964534539225,1139.0,8
S02001551,1.880970761577574,1171.0,9
S02001552,1.8236974320691248,1167.0,9
S02001553,1.6603921725667599,1149.0,8
S02001554,0.18859758503333693,883.0,6
S02001555,-0.15191192559151062,787.0,6
S02001556,-1.3033465651184362,349.0,2
S02001557,-2.4597525218717626,79.0,0
S02001558,-2.61576665221766,61.0,0
S02001559,-1.668818261252108,243.0,1
S02001560,-1.9471804307523994,174.0,1
S02001561,-1.1882702327770822,387.0,3
S02001562,-1.2574570814914678,364.0,2
S02001563,-2.5831893517820945,62.0,0
S02001564,-1.4577268254799831,297.0,2
S02001565,-1.2936892751214144,351.0,2
S02001566,-1.5251637046821447,276.0,2
S02001567,-0.8364033570229787,526.0,4
S02001568,-0.43571050429208746,693.0,5
S02001569,-0.30027041913788305,751.0,5
S02001570,-0.5026527390553326,670.0,5
S02001571,-1.2478378446936755,367.0,2
S02001572,-0.8782657098599564,502.0,3
S02001573,-0.6024663511187538,614.0,4
S02001574,-1.3279193654239643,338.0,2
S02001575,-1.488200780950171,285.0,2
S02001576,0.11545113763817269,867.0,6
S02001577,-0.36557765598311204,725.0,5
S02001578,0.17219777425444882,875.0,6
S02001579,0.21407198426048477,894.0,6
S02001580,1.0516702800311373,1069.0,8
S02001581,2.068695544347513,1184.0,9
S02001582,0.2742082705469837,906.0,7
S02001583,-0.2497985378418823,768.0,6
S02001584,0.24452807062317694,896.0,7
S02001585,-0.23909259657842716,769.0,6
S02001586,-0.44123493132712555,687.0,5
S02001587,0.579090935679086,976.0,7
S02001588,0.7861772754846611,1019.0,7
S02001589,0.9360515014784765,1047.0,8
S02001590,1.0692266903468246,1073.0,8
S02001591,2.3247615100404753,1214.0,9
S02001592,1.0140770536179595,1061.0,8
S02001593,1.5081638061195666,1129.0,8
S02001594,1.1566369582683662,1085.0,8
S02001595,1.478541515039981,1124.0,8
S02001596,2.2877107925943636,1210.0,9
S02001597,1.6852047050695012,1151.0,8
S02001598,1.3497004624979536,1114.0,8
S02001599,0.9742540367095731,1055.0,8
S02001600,0.018587179377957952,833.0,6
S02001601,0.2102154402205721,893.0,6
S02001602,0.06497179639265982,848.0,6
S02001603,0.3147877528292006,916.0,7
S02001604,0.3133227491530515,915.0,7
S02001605,0.3219542817724178,917.0,7
S02001606,0.18987957821996604,884.0,6
S02001607,0.7143138407308669,1007.0,7
S02001608,0.10949067192794873,863.0,6
S02001609,0.8138759598737363,1025.0,8
S02001610,1.0227958064665716,1062.0,8
S02001611,1.7351559676520965,1154.0,9
S02001612,1.9649096059017617,1178.0,9
S02001613,2.2318888333078113,1200.0,9
S02001614,2.154533847599973,1195.0,9
S02001615,1.7894931661956173,1162.0,9
S02001616,0.6302775870327166,989.0,7
S02001617,1.862390536942268,1169.0,9
S02001618,1.925735609817413,1175.0,9
S02001619,2.1635225269083964,1196.0,9
S02001620,3.013213462659434,1245.0,9
S02001621,2.848164578277867,1240.0,9
S02001622,4.355409049486616,1268.0,9
S02001623,2.348037491353483,1217.0,9
S02001624,2.4004648316714325,1222.0,9
S02001625,1.753291387086886,1157.0,9
S02001626,1.07765133032707,1076.0,8
S02001627,-0.18401963274078442,779.0,6
S02001628,0.7158520122375744,1009.0,7
S02001629,2.2709503281125554,1205.0,9
S02001630,1.1560102041840261,1084.0,8
S02001631,1.2198062450391247,1094.0,8
S02001632,0.9457326833777754,1052.0,8
S02001633,1.4679458072922495,1122.0,8
S02001634,1.177589203758028,1088.0,8
S02001635,1.633296973609738,1147.0,8
S02001636,1.2841405735888738,1104.0,8
S02001637,1.740308681516114,1155.0,9
S02001638,1.6397042026850803,1148.0,8
S02001639,1.4905892837511137,1126.0,8
S02001640,0.9429904555424885,1049.0,8
S02001641,-0.009589507802164119,823.0,6
S02001642,0.5916298092283035,978.0,7
S02001643,1.0992115622571117,1077.0,8
S02001644,0.3571993202201203,927.0,7
S02001645,1.3018987125331651,1105.0,8
S02001646,1.0267957066056277,1063.0,8
S02001647,2.2921730276604673,1211.0,9
S02001648,0.669880708393954,999.0,7
S02001649,0.20717285910427335,892.0,6
S02001650,-0.338564252976593,739.0,5
S02001651,0.2517396104178284,898.0,7
S02001652,1.372415207009142,1115.0,8
S02001653,1.4393028276224444,1119.0,8
S02001654,-0.11783376308784073,803.0,6
S02001655,1.1846356230180302,1089.0,8
S02001656,2.8191425497257234,1237.0,9
S02001657,2.6918963575853243,1232.0,9
S02001658,2.1929879986002305,1197.0,9
S02001659,2.0933916008314397,1189.0,9
S02001660,2.843836715092609,1239.0,9
S02001661,0.5660427035830587,970.0,7
S02001662,0.9743554959483969,1056.0,8
S02001663,1.1689867395129427,1087.0,8
S02001664,0.25190134071553466,899.0,7
S02001665,0.022604678053432952,834.0,6
S02001666,-0.6202366078141889,603.0,4
S02001667,0.19813372355024136,889.0,6
S02001668,0.08364742357135094,858.0,6
S02001669,-0.16573808224815983,784.0,6
S02001670,-0.6896143733948563,579.0,4
S02001671,-1.1501336474836368,403.0,3
S02001672,0.05848504001391686,843.0,6
S02001673,1.3268643238879525,1109.0,8
S02001674,0.05946214021464749,845.0,6
S02001675,-0.13386066674625285,796.0,6
S02001676,0.629532426491132,988.0,7
S02001677,0.9441893272983276,1050.0,8
S02001678,0.6062903355181845,983.0,7
S02001679,0.7117207250208675,1006.0,7
S02001680,0.5526495988971052,968.0,7
S02001681,0.4829144106577616,953.0,7
S02001682,0.3550515278706541,926.0,7
S02001683,-0.6775540542968407,585.0,4
S02001684,-0.979796035088004,471.0,3
S02001685,0.18391330549657997,881.0,6
S02001686,0.1576284582209208,871.0,6
S02001687,2.261402598272371,1203.0,9
S02001688,0.8518254392246618,1032.0,8
S02001689,2.917930025810204,1242.0,9
S02001690,1.5484514350573657,1138.0,8
S02001691,0.5735843303618919,972.0,7
S02001692,0.19188742071228715,887.0,6
S02001693,-0.6016630856097823,616.0,4
S02001694,-0.08218502895944313,813.0,6
S02001695,0.038185988156852355,836.0,6
S02001696,-0.5367160246966318,650.0,5
S02001697,-0.5813660614961473,625.0,4
S02001698,-0.6463306808880217,594.0,4
S02001699,-0.3918260261861865,716.0,5
S02001700,-0.5903759132965176,621.0,4
S02001701,-0.28576149198449946,754.0,5
S02001702,-0.7872663251620516,545.0,4
S02001703,-0.9795201526059717,472.0,3
S02001704,-1.0542129478822364,446.0,3
S02001705,-1.4581136337985778,296.0,2
S02001706,-2.4178676757536,82.0,0
S02001707,-2.2310741228162536,119.0,0
S02001708,-2.5363002512033725,72.0,0
S02001709,-1.8619907436675032,196.0,1
S02001710,-1.0235259402222494,456.0,3
S02001711,-2.2316806801178286,118.0,0
S02001712,-1.920115113722181,181.0,1
S02001713,-1.1001571131667987,426.0,3
S02001714,-1.0738644443626557,437.0,3
S02001715,-1.5744970002528513,265.0,2
S02001716,-1.0806983339625715,435.0,3
S02001717,0.6122592080698348,984.0,7
S02001718,0.013015852072094158,830.0,6
S02001719,-0.2367100203454471,771.0,6
S02001720,-1.092805831010067,430.0,3
S02001721,-1.2788615180872458,357.0,2
S02001722,-1.2742625629507653,359.0,2
S02001723,-1.0292271228082421,454.0,3
S02001724,-0.7102246612857049,572.0,4
S02001725,-0.556205671139407,639.0,4
S02001726,-0.3250624982547259,742.0,5
S02001727,-0.4130557514234446,703.0,5
S02001728,-0.4297518331265988,695.0,5
S02001729,-0.8308822205776725,527.0,4
S02001730,-0.5036911927461152,668.0,5
S02001731,0.17810214116014406,877.0,6
S02001732,-0.21587563907991908,774.0,6
S02001733,-0.4456296234033244,685.0,5
S02001734,-0.35210535902423373,733.0,5
S02001735,-2.368842726973814,93.0,0
S02001736,-0.7598863365902031,554.0,4
S02001737,-0.6402164866074912,598.0,4
S02001738,-0.7655413759521358,551.0,4
S02001739,-0.4448170564841655,686.0,5
S02001740,-0.9110717750363849,495.0,3
S02001741,0.4596370025282486,950.0,7
S02001742,0.9010719785832022,1042.0,8
S02001743,0.2595155078217388,902.0,7
S02001744,-0.9363297773116498,486.0,3
S02001745,-0.9139707213316038,494.0,3
S02001746,-1.4200711309783556,309.0,2
S02001747,-0.849322485086305,519.0,4
S02001748,0.7539832484884036,1013.0,7
S02001749,-0.9630787612400736,477.0,3
S02001750,-0.8381432347460978,525.0,4
S02001751,-2.045579288254424,156.0,1
S02001752,-1.5048983565858467,282.0,2
S02001753,-2.0757463420150835,150.0,1
S02001754,-2.314013155553731,103.0,0
S02001755,-1.6987040284391137,238.0,1
S02001756,-1.1193318670907983,416.0,3
S02001757,-0.641202972489527,597.0,4
S02001758,0.15188349769512557,869.0,6
S02001759,-0.10842339747727771,805.0,6
S02001760,-0.4398488805872109,690.0,5
S02001761,-0.6140896463258737,606.0,4
S02001762,-0.7819428946126107,547.0,4
S02001763,-1.3863213306677977,321.0,2
S02001764,-1.759238563607226,223.0,1
S02001765,-1.184172556440207,389.0,3
S02001766,-1.1065621418446872,423.0,3
S02001767,-1.0629781017560818,442.0,3
S02001768,-1.5358603636918997,273.0,2
S02001769,-1.8268369885434932,205.0,1
S02001770,-1.5607455005416093,268.0,2
S02001771,-1.6721201699002157,242.0,1
S02001772,-3.54123041145548,19.0,0
S02001773,-3.5459795575999267,18.0,0
S02001774,-1.64571692276209,249.0,1
S02001775,-1.289636215263979,353.0,2
S02001776,-1.3030519196644246,350.0,2
S02001777,-0.13732962960235792,794.0,6
S02001778,-0.1923525198653394,778.0,6
S02001779,-1.2781352442980722,358.0,2
S02001780,-1.336017521047805,335.0,2
S02001781,-1.3129835012891278,346.0,2
S02001782,0.9446890344596516,1051.0,8
S02001783,-0.4292950999283656,696.0,5
S02001784,-1.3151000559377504,344.0,2
S02001785,-0.8759743731089293,506.0,3
S02001786,-0.36687359061694025,724.0,5
S02001787,-1.2247829736452174,374.0,2
S02001788,-0.9477623395965816,480.0,3
S02001789,-1.000087670305228,464.0,3
S02001790,-0.8772575556340569,505.0,3
S02001791,-1.4110789919619295,311.0,2
S02001792,-1.4013098205261856,313.0,2
S02001793,-1.9805335444029897,166.0,1
S02001794,-2.5709736026130363,64.0,0
S02001795,-1.9548769660790295,170.0,1
S02001796,-1.9542442284250594,171.0,1
S02001797,-2.6163990876212657,60.0,0
S02001798,-1.6838995940663795,241.0,1
S02001799,-1.8621969774454936,195.0,1
S02001800,-0.5347622721736065,651.0,5
S02001801,-0.41273115620762324,704.0,5
S02001802,-1.1518496421113866,402.0,3
S02001803,-2.2998328566052577,105.0,0
S02001804,-2.120352586114262,132.0,1
S02001805,-2.8824438293834262,43.0,0
S02001806,-2.321390170719248,100.0,0
S02001807,-0.809135007228466,538.0,4
S02001808,-0.4253313534585873,700.0,5
S02001809,0.11522470504983276,866.0,6
S02001810,-0.1499034457726338,788.0,6
S02001811,-1.507256985262664,279.0,2
S02001812,-2.506940674557605,77.0,0
S02001813,-2.838701461158859,47.0,0
S02001814,-2.542666511466572,71.0,0
S02001815,-3.534945094026501,20.0,0
S02001816,-5.544000499467173,5.0,0
S02001817,-16.584898172995015,1.0,0
S02001818,-7.601451278555599,3.0,0
S02001819,-15.619033168848773,2.0,0
S02001820,-5.999593778931636,4.0,0
S02001821,-4.591702041810757,7.0,0
S02001822,-1.536089538860159,272.0,2
S02001823,-1.5027070134992253,283.0,2
S02001824,-1.6361901218820678,252.0,1
S02001825,-0.28154541614268813,755.0,5
S02001826,-1.5455723593600224,270.0,2
S02001827,-1.2708954190603292,360.0,2
S02001828,-1.4130489920138563,310.0,2
S02001829,-2.127547796269163,130.0,1
S02001830,-2.5481222882813546,69.0,0
S02001831,-1.1260745582416338,413.0,3
S02001832,-0.6802432539403179,584.0,4
S02001833,-1.1343331346855647,409.0,3
S02001834,-0.6206103824384949,602.0,4
S02001835,-0.6145525291677556,605.0,4
S02001836,-1.0570115729474763,444.0,3
S02001837,-0.7064334567494631,574.0,4
S02001838,-0.370682106244525,723.0,5
S02001839,-0.3804967830600951,719.0,5
S02001840,0.061690684028869215,846.0,6
S02001841,-0.5189224997316687,658.0,5
S02001842,-0.3783156531813899,720.0,5
S02001843,-1.121122141666542,415.0,3
S02001844,-1.6301348673534295,254.0,1
S02001845,-2.3874721915422135,89.0,0
S02001846,-3.4022450948302856,25.0,0
S02001847,-3.1446909824085547,33.0,0
S02001848,-4.101441841888887,9.0,0
S02001849,-3.300039126449842,29.0,0
S02001850,-2.7160476664879494,52.0,0
S02001851,-2.345592269272112,95.0,0
S02001852,-2.574626201753096,63.0,0
S02001853,-1.3564990068067322,327.0,2
S02001854,-1.1818658952703534,392.0,3
S02001855,-1.2288918528593142,373.0,2
S02001856,-1.4323172721350874,305.0,2
S02001857,-2.4109040098783527,84.0,0
S02001858,-2.083982955379939,144.0,1
S02001859,-0.6905168700876838,578.0,4
S02001860,-0.7357705150383033,563.0,4
S02001861,-1.3984332281425016,315.0,2
S02001862,-0.5127427429349274,664.0,5
S02001863,-0.3637681536043802,726.0,5
S02001864,-1.448735074973159,300.0,2
S02001865,-2.2624787327436713,111.0,0
S02001866,-2.4062908261495903,86.0,0
S02001867,-1.9251231149108214,180.0,1
S02001868,-1.3818229232069144,323.0,2
S02001869,-1.4648808842963115,294.0,2
S02001870,-1.3898075390659825,319.0,2
S02001871,-1.1165557723466264,418.0,3
S02001872,-1.702374574623508,236.0,1
S02001873,-1.789531991244736,215.0,1
S02001874,-2.123002458311974,131.0,1
S02001875,-1.7145214741858046,233.0,1
S02001876,-1.7316061942254743,230.0,1
S02001877,-2.048139346054832,155.0,1
S02001878,-2.087194238139922,143.0,1
S02001879,-1.869235604836542,193.0,1
S02001880,-1.867253519113726,194.0,1
S02001881,-2.8008658578145975,49.0,0
S02001882,-2.841632243327179,46.0,0
S02001883,-3.16173355448206,32.0,0
S02001884,-2.3347048776960486,96.0,0
S02001885,-1.8157503176940153,210.0,1
S02001886,-2.088786233232002,142.0,1
S02001887,-2.211921055441463,124.0,0
S02001888,-3.0727843078563875,37.0,0
S02001889,-2.5583503952710847,66.0,0
S02001890,-1.8712415386811496,191.0,1
S02001891,-2.6265059472494063,58.0,0
S02001892,-3.6373498804879953,13.0,0
S02001893,-2.0058677886401224,162.0,1
S02001894,-0.7918651024451208,543.0,4
S02001895,-1.8616240921988938,198.0,1
S02001896,-2.0903043341953835,141.0,1
S02001897,-1.7450760670450876,225.0,1
S02001898,-1.7786102583804513,217.0,1
S02001899,-2.102605303131236,137.0,1
S02001900,-1.7972695573224537,212.0,1
S02001901,-1.4746813443594764,291.0,2
S02001902,-1.9460187804076625,176.0,1
S02001903,-2.0335611409972,159.0,1
S02001904,-1.4371078882594588,303.0,2
S02001905,-2.377595149274807,91.0,0
S02001906,-2.648614323697417,56.0,0
S02001907,-2.9041919160259333,41.0,0
S02001908,-2.511470879999811,75.0,0
S02001909,-2.3015639190007344,104.0,0
S02001910,-2.3846652256279603,90.0,0
S02001911,-2.625300467420063,59.0,0
S02001912,-2.0824550979372076,145.0,1
S02001913,-3.0434739414857463,38.0,0
S02001914,-2.393650583824935,88.0,0
S02001915,-2.656605878970756,55.0,0
S02001916,-2.902748373649532,42.0,0
S02001917,-3.251508902082912,31.0,0
S02001918,-2.87378402453336,44.0,0
S02001919,-3.5282243516724483,22.0,0
S02001920,-3.030529195455979,39.0,0
S02001921,-2.699900541724632,53.0,0
S02001922,-2.330737149984127,98.0,0
S02001923,-1.7062471035190467,234.0,1
S02001924,-2.459295126403897,80.0,0
S02001925,-2.5009866540931665,78.0,0
S02001926,-2.065397988760051,151.0,1
S02001927,-0.9361135299985877,487.0,3
S02001928,-1.0870711903392172,431.0,3
S02001929,-1.1049373187405145,424.0,3
S02001930,-1.072395727663755,438.0,3
S02001931,-2.547274963214659,70.0,0
S02001932,-3.633861902356153,14.0,0
S02001933,-1.8290518463099363,204.0,1
S02001934,-1.9827620277460305,164.0,1
S02001935,-1.211995379383252,380.0,2
S02001936,-1.0095551719906761,462.0,3
S02001937,-0.7683609111515539,550.0,4
S02001938,-1.638912943949604,251.0,1
S02001939,-1.47515911523275,290.0,2
S02001940,-1.9576983862522845,169.0,1
S02001941,-1.0000464159838618,465.0,3
S02001942,-2.555029369674113,67.0,0
S02001943,-2.5139265384639984,74.0,0
S02001944,-2.729986533983948,51.0,0
S02001945,-1.584459897539194,264.0,2
S02001946,-1.4743065012632364,292.0,2
S02001947,-1.8909665173690278,188.0,1
S02001948,-2.4114503883510694,83.0,0
S02001949,-1.9499886869704839,172.0,1
S02001950,-0.6862536119304314,583.0,4
S02001951,-0.6016668585653656,615.0,4
S02001952,-0.8388512162875539,524.0,4
S02001953,-0.817517749941675,535.0,4
S02001954,-0.5019942695270664,672.0,5
S02001955,-0.6094846580506484,608.0,4
S02001956,-0.055440533545589726,818.0,6
S02001957,-0.3921191480079052,715.0,5
S02001958,-0.10305843273280117,807.0,6
S02001959,-0.3447352085683507,736.0,5
S02001960,0.48866952359460003,954.0,7
S02001961,0.7366176984279786,1012.0,7
S02001962,-0.06804604366534099,816.0,6
S02001963,-0.15601437224496695,786.0,6
S02001964,-1.395390614418755,317.0,2
S02001965,-0.6068678112074684,609.0,4
S02001966,-0.4816790400729796,679.0,5
S02001967,-0.888094503441914,498.0,3
S02001968,-1.3088891110360366,347.0,2
S02001969,-1.2213319846960857,376.0,2
S02001970,-1.4564669896302878,298.0,2
S02001971,-2.0983547775343525,138.0,1
S02001972,-2.24045302226061,116.0,0
S02001973,-0.9215191655615131,492.0,3
S02001974,-2.035098185408309,158.0,1
S02001975,-1.771492075902524,218.0,1
S02001976,-1.8818884871226742,190.0,1
S02001977,-1.8965245643872406,185.0,1
S02001978,4.261877041291667,1267.0,9
S02001979,-1.6958575991987026,239.0,1
S02001980,3.3606874697945175,1253.0,9
S02001981,3.02116357433558,1246.0,9
S02001982,0.8639628288250746,1034.0,8
S02001983,-0.36090697974182545,727.0,5
S02001984,0.19364452279781488,888.0,6
S02001985,-1.0834871288479107,434.0,3
S02001986,-0.822030956207964,534.0,4
S02001987,-0.8278716845922142,528.0,4
S02001988,-1.1836953521652454,390.0,3
S02001989,-2.251501104037978,114.0,0
S02001990,-2.3955660681703232,87.0,0
S02001991,-2.2678754465961672,110.0,0
S02001992,-2.630918337925636,57.0,0
S02001993,-1.9497525525057833,173.0,1
S02001994,-1.930761591367757,179.0,1
S02001995,-1.8556872348435407,200.0,1
S02001996,-3.7388167380358004,12.0,0
S02001997,-4.480463629739099,8.0,0
S02001998,-1.3420078899041321,334.0,2
S02001999,-0.7963103666048843,541.0,4
S02002000,-1.7981066944840711,211.0,1
S02002001,-1.2544556917334775,365.0,2
S02002002,-1.427949793017236,306.0,2
S02002003,-1.8246097864670812,206.0,1
S02002004,-1.870198104632496,192.0,1
S02002005,-0.6151020415037008,604.0,4
S02002006,0.81323160008859,1024.0,8
S02002007,1.223663213191769,1095.0,8
S02002008,1.9912962717101954,1181.0,9
S02002009,0.05709494095887724,842.0,6
S02002010,-0.5161794611538364,662.0,5
S02002011,1.7021311306929767,1153.0,9
S02002012,-0.2614127184891329,760.0,5
S02002013,-0.7529696278649698,557.0,4
S02002014,-0.5664604278430397,630.0,4
S02002015,-2.006043664877873,161.0,1
S02002016,-2.017678351344307,160.0,1
S02002017,-2.0497553155810766,154.0,1
S02002018,-1.762038519602874,221.0,1
S02002019,-1.4378137037127101,302.0,2
S02002020,-1.4919619056469133,284.0,2
S02002021,-1.1570000588310096,397.0,3
S02002022,0.1063254306985084,862.0,6
S02002023,-0.2305238798432783,772.0,6
S02002024,2.6574747476634637,1230.0,9
S02002025,1.1534633205259037,1083.0,8
S02002026,3.2146782373330716,1250.0,9
S02002027,-0.2746778934741133,756.0,5
S02002028,-0.19278533080149968,777.0,6
S02002029,3.8895139755301664,1265.0,9
S02002030,4.4264529949559375,1269.0,9
S02002031,4.744952549203737,1271.0,9
S02002032,4.772362960031298,1272.0,9
S02002033,2.9277225524489237,1244.0,9
S02002034,0.18762070588489071,882.0,6
S02002035,-0.621313450913798,601.0,4
S02002036,0.9289942279441744,1046.0,8
S02002037,-0.0605520453117352,817.0,6
S02002038,0.0024125151435250465,828.0,6
S02002039,-0.4245411305905548,701.0,5
S02002040,-0.5405896915994085,646.0,5
S02002041,-1.1577638427965202,396.0,3
S02002042,-1.1343174429414844,410.0,3
S02002043,-1.6007962417017014,260.0,2
S02002044,-1.5203366009811063,278.0,2
S02002045,-1.5717698111684235,267.0,2
S02002046,-1.3562419201758846,328.0,2
S02002047,-0.993101907188219,468.0,3
S02002048,-0.5789506175272845,628.0,4
S02002049,-1.3202560135676733,340.0,2
S02002050,-1.2788884005930634,356.0,2
S02002051,1.4459581840791769,1121.0,8
S02002052,2.7198627278349963,1233.0,9
S02002053,2.6688763564347338,1231.0,9
S02002054,2.797862737250605,1235.0,9
S02002055,2.8077086751447524,1236.0,9
S02002056,1.6944620350594617,1152.0,9
S02002057,0.9122845877732072,1045.0,8
S02002058,0.1633847250951407,872.0,6
S02002059,-0.7195590287678805,570.0,4
S02002060,-0.1054750473168206,806.0,6
S02002061,-0.3347646219971498,741.0,5
S02002062,0.06257590017263717,847.0,6
S02002063,0.26368067350979746,904.0,7
S02002064,-0.1272104362952079,801.0,6
S02002065,0.6342903853501005,990.0,7
S02002066,1.2391994589018591,1097.0,8
S02002067,0.08435597823026254,859.0,6
S02002068,-0.25099165211637875,767.0,5
S02002069,-0.5082884114123329,666.0,5
S02002070,-0.5930827171198096,619.0,4
S02002071,0.26215345407964014,903.0,7
S02002072,0.6421791066146778,991.0,7
S02002073,0.25618365063369436,900.0,7
S02002074,0.5024472133898013,957.0,7
S02002075,0.6468753479270304,995.0,7
S02002076,1.2442080237000117,1098.0,8
S02002077,0.3438435595524973,921.0,7
S02002078,-0.3568884881706512,730.0,5
S02002079,-0.542968154437392,644.0,5
S02002080,1.494720627450796,1127.0,8
S02002081,1.90302842757835,1173.0,9
S02002082,0.227961518610717,895.0,6
S02002083,0.08674126190472839,860.0,6
S02002084,-0.9340972422020769,488.0,3
S02002085,-1.572299659431781,266.0,2
S02002086,-0.9995287935706264,466.0,3
S02002087,-0.007529885301855083,824.0,6
S02002088,-0.1697047433831041,783.0,6
S02002089,-0.09910460159202149,809.0,6
S02002090,0.07873369608356684,853.0,6
S02002091,0.08217799272949039,855.0,6
S02002092,0.016035282771599654,831.0,6
S02002093,0.050077695761573345,838.0,6
S02002094,0.42331895769721245,942.0,7
S02002095,0.5192350371234707,963.0,7
S02002096,0.08342973438271176,857.0,6
S02002097,1.0699498698426417,1074.0,8
S02002098,-0.426732372843827,699.0,5
S02002099,-1.0702777140588975,440.0,3
S02002100,-0.9219045025914449,491.0,3
S02002101,-1.6411100113290908,250.0,1
S02002102,-2.212238747891496,123.0,0
S02002103,-2.373465903519004,92.0,0
S02002104,-1.703218881170899,235.0,1
S02002105,-1.3497572248565417,330.0,2
S02002106,-1.9801389041949666,167.0,1
S02002107,-1.8165403579393566,209.0,1
S02002108,-1.3535852152377257,329.0,2
S02002109,-1.1366165923842504,408.0,3
S02002110,-0.8595462648888545,516.0,4
S02002111,-0.31903814569459243,745.0,5
S02002112,-0.18092080867958016,780.0,6
S02002113,-0.13570649984568514,795.0,6
S02002114,-0.12792481305098866,800.0,6
S02002115,-0.25100088640116613,766.0,5
S02002116,-0.39955690327770277,709.0,5
S02002117,-0.9140205301008689,493.0,3
S02002118,-0.8737830681642781,508.0,3
S02002119,-0.5144648723231238,663.0,5
S02002120,-0.5009625236082655,673.0,5
S02002121,-0.4624729424848444,681.0,5
S02002122,-0.4388737528165013,691.0,5
S02002123,-0.6431930006566577,595.0,4
S02002124,0.9086166281274562,1043.0,8
S02002125,-0.4877112108338268,676.0,5
S02002126,-0.5380445794266137,648.0,5
S02002127,-0.3446936717436135,737.0,5
S02002128,-1.1127502374587526,420.0,3
S02002129,-0.29022176989041726,753.0,5
S02002130,-0.43090159994085864,694.0,5
S02002131,-2.659035770326356,54.0,0
S02002132,-2.831713729019651,48.0,0
S02002133,-0.48694269471157603,677.0,5
S02002134,-0.8825472669736234,501.0,3
S02002135,-0.5291868899856893,653.0,5
S02002136,-0.8474223212328817,521.0,4
S02002137,-0.7221275196955184,568.0,4
S02002138,-0.8677705388071468,512.0,3
S02002139,-1.1028420555464227,425.0,3
S02002140,-1.6614730276487575,245.0,1
S02002141,-1.6852709097643295,240.0,1
S02002142,-1.8549495786905044,201.0,1
S02002143,-1.2309832945848798,372.0,2
S02002144,-0.741175831953802,561.0,4
S02002145,-0.31430559410939757,747.0,5
S02002146,-1.9819329950448206,165.0,1
S02002147,-4.0260387967760956,10.0,0
S02002148,-3.4610798338142508,24.0,0
S02002149,-1.739404451322253,227.0,1
S02002150,-1.21581089235856,378.0,2
S02002151,-1.3070269592496069,348.0,2
S02002152,-1.269775770683138,361.0,2
S02002153,-0.41424731193418934,702.0,5
S02002154,-0.8611408998244019,515.0,4
S02002155,-1.0842794206979824,433.0,3
S02002156,-0.6869112819970877,581.0,4
S02002157,-0.3050273137270459,749.0,5
S02002158,-0.5198134218124254,657.0,5
S02002159,-0.6629086424521918,589.0,4
S02002160,-0.12052611768603042,802.0,6
S02002161,-1.2080749255276275,381.0,2
S02002162,-1.124232333227992,414.0,3
S02002163,-1.3747544196115362,324.0,2
S02002164,-1.1817355676576962,393.0,3
S02002165,-1.3184918713266573,341.0,2
S02002166,-0.7711273380538849,549.0,4
S02002167,-0.4655498525092095,680.0,5
S02002168,-0.7485118125994651,559.0,4
S02002169,-0.6053549962836376,611.0,4
S02002170,-0.13156744439238133,798.0,6
S02002171,0.1982668281578727,890.0,6
S02002172,0.08218419628494873,856.0,6
S02002173,-0.1709613922813471,782.0,6
S02002174,-0.2545214448362194,765.0,5
S02002175,-0.11084427373919296,804.0,6
S02002176,-0.2557792439194887,764.0,5
S02002177,-0.3711859788118605,722.0,5
S02002178,-0.44047621758610683,688.0,5
S02002179,-0.4948609964514804,674.0,5
S02002180,-0.5661073707394353,631.0,4
S02002181,-0.5824051103124751,623.0,4
S02002182,-0.5396360527563175,647.0,5
S02002183,-0.5513645972786604,641.0,5
S02002184,-0.5813971511558894,624.0,4
S02002185,-0.5585354822322196,636.0,4
S02002186,-0.45518155011372147,683.0,5
S02002187,-0.5226513656811537,655.0,5
S02002188,-0.6055546041267333,610.0,4
S02002189,-0.5590209514371174,635.0,4
S02002190,-0.8940695836614415,496.0,3
S02002191,-0.5632205359946311,633.0,4
S02002192,-0.14719299510965944,790.0,6
S02002193,-2.3503273831209226,94.0,0
S02002194,-1.749257409786098,224.0,1
S02002195,-0.8633249758132568,514.0,4
S02002196,-0.6980475072112983,577.0,4
S02002197,-0.4581023129346467,682.0,5
S02002198,-0.666527446642033,588.0,4
S02002199,-0.5796131313546882,626.0,4
S02002200,-0.9222733926391089,490.0,3
S02002201,-0.8238338645218569,532.0,4
S02002202,-2.2253175935781844,120.0,0
S02002203,-2.2181127615781646,121.0,0
S02002204,-0.39218425605475815,714.0,5
S02002205,0.5065943881938476,958.0,7
S02002206,-0.8255996837600081,529.0,4
S02002207,-1.50714561826429,281.0,2
S02002208,-1.1549030712683224,400.0,3
S02002209,-0.8224451495418192,533.0,4
S02002210,-0.9393349188156009,485.0,3
S02002211,-0.8569191871618367,518.0,4
S02002212,-1.1310258638496942,412.0,3
S02002213,1.317522828767915,1108.0,8
S02002214,3.787852709336159,1261.0,9
S02002215,2.1951953718475576,1198.0,9
S02002216,1.5125340591037697,1131.0,8
S02002217,1.5534346240315065,1140.0,8
S02002218,3.485985322290717,1255.0,9
S02002219,-1.0425252551194746,450.0,3
S02002220,1.1619275859464366,1086.0,8
S02002221,-0.26115626046126583,762.0,5
S02002222,0.8258932827238091,1027.0,8
S02002223,2.552931233867656,1228.0,9
S02002224,1.3348493608210084,1112.0,8
S02002225,-0.42827273621683387,697.0,5
S02002226,-0.4363020431580566,692.0,5
S02002227,0.8899093203546969,1040.0,8
S02002228,0.28969341637319523,908.0,7
S02002229,-0.14974497735126913,789.0,6
S02002230,0.39447005598800644,936.0,7
S02002231,0.3497083999531291,924.0,7
S02002232,0.5289117828139215,965.0,7
S02002233,0.5435958739510387,967.0,7
S02002234,0.5789037237903163,975.0,7
S02002235,0.5614205532719997,969.0,7
S02002236,0.6261588883135787,987.0,7
S02002237,0.6733708303945751,1000.0,7
S02002238,1.0524296287177757,1070.0,8
S02002239,0.42673705596584677,944.0,7
S02002240,0.5725783253722109,971.0,7
S02002241,0.6050816713612129,982.0,7
S02002242,0.7581317630123858,1016.0,7
S02002243,2.4197433881418915,1223.0,9
S02002244,0.36497954034520935,931.0,7
S02002245,0.7543666621291931,1014.0,7
S02002246,0.17989825318519936,879.0,6
S02002247,0.9381895672333453,1048.0,8
S02002248,1.477093182431149,1123.0,8
S02002249,1.5239812195250613,1133.0,8
S02002250,0.7781537376694548,1018.0,7
S02002251,0.5908435219075562,977.0,7
S02002252,0.9480380309398508,1053.0,8
S02002253,1.793338727740786,1163.0,9
S02002254,-1.1139245514858553,419.0,3
S02002255,-1.2839013825005066,354.0,2
S02002256,-0.9424361939974094,481.0,3
S02002257,-2.05198994451427,153.0,1
S02002258,-2.079969987846661,148.0,1
S02002259,-2.258454909994568,112.0,0
S02002260,-2.0357192997980573,157.0,1
S02002261,-2.1662755452328804,127.0,0
S02002262,-1.3164521920985315,342.0,2
S02002263,-0.02895231328813447,822.0,6
S02002264,-1.8236366127057082,207.0,1
S02002265,-1.334305117864065,336.0,2
S02002266,-1.455883821247672,299.0,2
S02002267,-1.2371622739253214,370.0,2
S02002268,-0.9402240756357104,484.0,3
S02002269,-0.9666929836045809,476.0,3
S02002270,-1.3898788079780204,318.0,2
S02002271,-1.6157453437015519,257.0,2
S02002272,-2.315204227585034,102.0,0
S02002273,-1.9040003620157697,184.0,1
S02002274,-1.892323028235035,186.0,1
S02002275,-1.6069040989455177,259.0,2
S02002276,-2.116965163532522,133.0,1
S02002277,-1.2141192048970235,379.0,2
S02002278,-1.0231056084845904,457.0,3
S02002279,-1.1830343734645528,391.0,3
S02002280,-1.0707980792326306,439.0,3
S02002281,-0.7016527164285103,576.0,4
S02002282,-0.9608877113503289,478.0,3
S02002283,-1.2382063982245362,369.0,2
S02002284,-0.9902643302277352,469.0,3
S02002285,0.4494155246169164,947.0,7
S02002286,-0.706630701165575,573.0,4
S02002287,-2.331453962141391,97.0,0
S02002288,-2.081125169425837,146.0,1
S02002289,-1.5318476564473242,274.0,2
S02002290,-1.142675971381034,407.0,3
S02002291,-1.206985185735999,383.0,2
S02002292,1.8493224639000643,1168.0,9
S02002293,2.860168048218167,1241.0,9
S02002294,2.8324230734804963,1238.0,9
S02002295,2.3110195851965987,1213.0,9
S02002296,2.580455866436223,1229.0,9
S02002297,3.0465898410758054,1247.0,9
S02002298,2.284405941470436,1209.0,9
S02002299,2.1213422583506203,1193.0,9
S02002300,1.8950597059943683,1172.0,9
S02002301,2.4611002883650106,1225.0,9
S02002302,2.2461743604436295,1201.0,9
S02002303,2.1152187926605834,1190.0,9
S02002304,0.710009448305702,1005.0,7
S02002305,2.2672249528035793,1204.0,9
S02002306,3.739035302727453,1259.0,9
S02002307,1.799401243352859,1165.0,9
S02002308,3.1532662893395664,1249.0,9
S02002309,2.4603398262222496,1224.0,9
S02002310,1.2278893640631305,1096.0,8
S02002311,1.2561678132929734,1100.0,8
S02002312,2.92393781077984,1243.0,9
S02002313,2.384523679693409,1221.0,9
S02002314,3.7995760778688723,1262.0,9
S02002315,2.2791309518154192,1207.0,9
S02002316,2.0836009427901856,1188.0,9
S02002317,2.025970696853408,1182.0,9
S02002318,2.143185054070752,1194.0,9
S02002319,2.073267822533562,1185.0,9
S02002320,2.279564592769187,1208.0,9
S02002321,3.6037857448464967,1257.0,9
S02002322,3.5984285514587184,1256.0,9
S02002323,2.3311817375888007,1215.0,9
S02002324,3.3223660896907115,1252.0,9
S02002325,3.36856980265188,1254.0,9
S02002326,5.867744081805366,1276.0,9
S02002327,5.24293868934192,1274.0,9
S02002328,6.450794008089254,1279.0,9
S02002329,-0.39948373110355195,710.0,5
S02002330,-1.1642790142837582,395.0,3
S02002331,-1.1799424288957983,394.0,3
S02002332,0.3339930722878332,919.0,7
S02002333,-1.9867959444936971,163.0,1
S02002334,-3.352779685093391,27.0,0
S02002335,-3.301095804901689,28.0,0
S02002336,-5.139818764238879,6.0,0
S02002337,-3.61985785434238,15.0,0
S02002338,-3.388748455680942,26.0,0
S02002339,-1.8619687557299418,197.0,1
S02002340,-1.9100562805543386,182.0,1
S02002341,-2.552302224218861,68.0,0
S02002342,-2.3163853551610036,101.0,0
S02002343,-2.0963040931584693,139.0,1
S02002344,-1.93801094105804,177.0,1
S02002345,-1.9772259176409037,168.0,1
S02002346,-1.5933033345951124,262.0,2
S02002347,-1.6005085700920443,261.0,2
S02002348,-1.406608965858143,312.0,2
S02002349,-0.8682788783171342,510.0,3
S02002350,1.208483015198989,1091.0,8
S02002351,0.3242260360211068,918.0,7
S02002352,0.29437055930115025,911.0,7
S02002353,-0.39585515255096465,712.0,5
S02002354,-0.0025390480004952396,826.0,6
S02002355,0.6780809384337485,1002.0,7
S02002356,0.6738659439916523,1001.0,7
S02002357,0.17968951237265984,878.0,6
S02002358,-1.8853040397407923,189.0,1
S02002359,-3.494848060120255,23.0,0
S02002360,-3.5303449928089115,21.0,0
S02002361,-3.1307970602296225,35.0,0
S02002362,-3.2685917893538488,30.0,0
S02002363,-1.539189656589949,271.0,2
S02002364,-1.7340304180040458,229.0,1
S02002365,-1.7692978557202659,219.0,1
S02002366,-1.2018380071005879,385.0,3
S02002367,-0.10262870329127648,808.0,6
S02002368,0.4707317880444238,952.0,7
S02002369,0.5076425145521243,959.0,7
S02002370,1.945237069412335,1176.0,9
S02002371,0.4397614767720051,946.0,7
S02002372,1.046491847572244,1068.0,8
S02002373,0.9768237489481154,1057.0,8
S02002374,1.0299058229251352,1064.0,8
S02002375,0.8696531480284291,1036.0,8
S02002376,0.29296356247345573,910.0,7
S02002377,-1.0256444107064664,455.0,3
S02002378,-1.1854104769370029,388.0,3
S02002379,-0.21281839183072068,775.0,6
S02002380,0.11114419504581408,864.0,6
S02002381,-0.08834365936754261,811.0,6
S02002382,-0.23743711061712441,770.0,6
S02002383,-0.13847387788177015,793.0,6
S02002384,1.1280743665287782,1081.0,8
S02002385,-0.3232401579272485,744.0,5
S02002386,0.07425401482163183,852.0,6
S02002387,-0.09900659152284261,810.0,6
S02002388,-0.359005438122216,729.0,5
S02002389,-0.6285668844118928,599.0,4
S02002390,-0.7842360531789253,546.0,4
S02002391,-0.6892886024083515,580.0,4
S02002392,-0.35253435134934963,732.0,5
S02002393,-0.7272244741617965,565.0,4
S02002394,-0.5368117467219674,649.0,5
S02002395,-1.3133174364146945,345.0,2
S02002396,-1.316121179859798,343.0,2
S02002397,-0.7165523135634825,571.0,4
S02002398,-0.8679097133164051,511.0,3
S02002399,-0.8661262889121458,513.0,4
S02002400,-0.9271777665081627,489.0,3
S02002401,-1.1106151401290787,421.0,3
S02002402,-1.0411420944249912,451.0,3
S02002403,-0.5927539789916599,620.0,4
S02002404,-0.7543521128673056,556.0,4
S02002405,-1.4232696590971166,307.0,2
S02002406,-0.5950904929830286,618.0,4
S02002407,-2.1139123866323533,134.0,1
S02002408,-2.091634480253465,140.0,1
S02002409,-3.1338107282109102,34.0,0
S02002410,-3.7456932373109617,11.0,0
S02002411,-2.5321976995141857,73.0,0
S02002412,-2.418275371200273,81.0,0
S02002413,-2.0806142863464054,147.0,1
S02002414,-2.077358043909429,149.0,1
S02002415,-2.104241474120956,136.0,1
S02002416,-0.9802775491859516,470.0,3
S02002417,-0.6235985832651334,600.0,4
S02002418,-0.48523075570053026,678.0,5
S02002419,-0.6692827334070832,587.0,4
S02002420,-0.6038283858016686,613.0,4
S02002421,-0.7956685299879911,542.0,4
S02002422,-0.8251259480533617,531.0,4
S02002423,-0.8865830001353895,499.0,3
S02002424,-0.9585469671009967,479.0,3
S02002425,-1.1991666058699286,386.0,3
S02002426,-1.207362657221485,382.0,2
S02002427,-1.1563653138302181,399.0,3
S02002428,-1.1565481446844308,398.0,3
S02002429,-1.0966659182392753,427.0,3
S02002430,-1.0614958700333137,443.0,3
S02002431,-1.110041498014583,422.0,3
S02002432,-1.0951140553646497,429.0,3
S02002433,-1.0203666998318577,459.0,3
S02002434,-1.0205457708097236,458.0,3
S02002435,-0.9411522717644569,483.0,3
S02002436,-1.0048468668661645,463.0,3
S02002437,-0.13347810820578188,797.0,6
S02002438,0.38249345989713057,933.0,7
S02002439,0.0699190977574037,849.0,6
S02002440,0.05071352055667922,839.0,6
S02002441,0.4373229268270995,945.0,7
S02002442,0.8937006839849246,1041.0,8
S02002443,0.64825194938538,996.0,7
S02002444,0.8221773536150283,1026.0,8
S02002445,0.7183385651544898,1011.0,7
S02002446,0.5150528289389299,961.0,7
S02002447,0.8083726230822545,1023.0,7
S02002448,0.3538026628207106,925.0,7
S02002449,0.07228483747105864,850.0,6
S02002450,-2.2434801444607717,115.0,0
S02002451,-1.6305165721144521,253.0,1
S02002452,-1.2503054458566585,366.0,2
S02002453,0.9810879737907195,1058.0,8
S02002454,-0.5646757934731554,632.0,4
S02002455,0.6801275962269149,1003.0,7
S02002456,1.8698844784411188,1170.0,9
S02002457,1.118082557168062,1078.0,8
S02002458,1.7822580808497304,1160.0,9
S02002459,1.3069056332787146,1106.0,8
S02002460,-1.736320702718609,228.0,1
S02002461,-1.3445089246043758,333.0,2
S02002462,-1.3989869461042046,314.0,2
S02002463,-1.6087605014949828,258.0,2
S02002464,-1.4873026920615364,287.0,2
S02002465,-1.4616427771631666,295.0,2
S02002466,-0.825372604195793,530.0,4
S02002467,-1.0308464031186828,453.0,3
S02002468,-0.3999042382407926,708.0,5
S02002469,-0.5272794518696822,654.0,5
S02002470,-0.6624044421553675,590.0,4
S02002471,-0.7712273390686861,548.0,4
S02002472,-0.8708479266812009,509.0,3
S02002473,-0.5581639944658517,637.0,4
S02002474,-0.3011978716649422,750.0,5
S02002475,0.6126240655869255,985.0,7
S02002476,-0.4084006319301703,705.0,5
S02002477,-0.6136674674456987,607.0,4
S02002478,-0.4879235170494799,675.0,5
S02002479,-0.37532849913295585,721.0,5
S02002480,-0.5053374664619004,667.0,5
S02002481,-0.047679610184800915,819.0,6
S02002482,1.6709935852921125,1150.0,8
S02002483,0.19053865165449071,885.0,6
S02002484,0.18241206368996116,880.0,6
S02002485,-0.57533027357105,629.0,4
S02002486,-1.0431363882884388,449.0,3
S02002487,-2.2961543494097345,106.0,0
S02002488,-1.8488131207145122,203.0,1
S02002489,-1.3454711258728194,332.0,2
S02002490,-2.3235925446323393,99.0,0
S02002491,-1.3487273807534936,331.0,2
S02002492,-0.4267490950458251,698.0,5
S02002493,-0.31732977338738716,746.0,5
S02002494,-0.3065088121941168,748.0,5
S02002495,0.017774441684457933,832.0,6
S02002496,0.0890140328344737,861.0,6
S02002497,-0.7212892002285889,569.0,4
S02002498,-1.8190744249260176,208.0,1
S02002499,-0.8739509536188852,507.0,3
S02002500,-1.765388099516869,220.0,1
S02002501,-1.7616707302012506,222.0,1
S02002502,-0.352008251267831,734.0,5
S02002503,-0.12984390614032248,799.0,6
S02002504,0.1337290316197172,868.0,6
S02002505,-0.3348894110562735,740.0,5
S02002506,-0.17450750063386675,781.0,6
S02002507,0.004870880366283999,829.0,6
S02002508,1.5375095206292064,1135.0,8
S02002509,0.6629380675679056,998.0,7
S02002510,-0.5328371166170194,652.0,5
S02002511,-0.5434097367795789,643.0,5
S02002512,-0.5570873661569339,638.0,4
S02002513,-0.2592874571670423,763.0,5
S02002514,-0.8428025368914789,523.0,4
